iteractions= 3
population_size= 5
global_prob= 0.35
particle_prob= 0.2
greedy_particle=False
Iteration = 0, previous best cost = 10.4657961140323
Particle 0: [(0.9096826937091445, 0.922494338901061), (0.5408991903098779, 0.3097800456711317), (0.7506290726523795, 0.7946181059360208), (0.49068608120513724, 0.6241754314189983), (0.09765273586806777, 0.5121209949271758), (0.5084819487662261, 0.28509174864410847), (0.010109042751706987, 0.9524260212323941), (0.1499213538301768, 0.5467994275813031), (0.12738506477680722, 0.29610118836691024), (0.97532922028163, 0.4042661297026062), (0.6788017162916151, 0.2837774308668334), (0.12696145214608345, 0.32232592111894975), (0.7153919622719891, 0.9541396537494754), (0.9988986754380328, 0.49920276221106286), (0.7975454289431414, 0.04550549724256048), (0.9748985076084576, 0.41733774500314313), (0.0416459534835959, 0.06512469856545144), (0.359014626176408, 0.3271589272898495), (0.9371485023295784, 0.5320496430857867), (0.7099002680279446, 0.9396933660872944), (0.7944416856748012, 0.3946297627369266), (0.45177252626561193, 0.4003030509577781), (0.6591823286041951, 0.5542960464085381), (0.6301887151154599, 0.590692360741216), (0.36201011066844346, 0.36593437881307667)], particle current cost = 12.800841367418023
Particle 1: [(0.9096826937091445, 0.922494338901061), (0.7153919622719891, 0.9541396537494754), (0.7975454289431414, 0.04550549724256048), (0.9988986754380328, 0.49920276221106286), (0.0416459534835959, 0.06512469856545144), (0.6788017162916151, 0.2837774308668334), (0.5408991903098779, 0.3097800456711317), (0.010109042751706987, 0.9524260212323941), (0.97532922028163, 0.4042661297026062), (0.9371485023295784, 0.5320496430857867), (0.6301887151154599, 0.590692360741216), (0.36201011066844346, 0.36593437881307667), (0.6591823286041951, 0.5542960464085381), (0.7099002680279446, 0.9396933660872944), (0.12738506477680722, 0.29610118836691024), (0.12696145214608345, 0.32232592111894975), (0.09765273586806777, 0.5121209949271758), (0.1499213538301768, 0.5467994275813031), (0.49068608120513724, 0.6241754314189983), (0.359014626176408, 0.3271589272898495), (0.9748985076084576, 0.41733774500314313), (0.45177252626561193, 0.4003030509577781), (0.7506290726523795, 0.7946181059360208), (0.5084819487662261, 0.28509174864410847), (0.7944416856748012, 0.3946297627369266)], particle current cost = 11.825143619305253
Particle 2: [(0.9096826937091445, 0.922494338901061), (0.359014626176408, 0.3271589272898495), (0.12696145214608345, 0.32232592111894975), (0.9371485023295784, 0.5320496430857867), (0.09765273586806777, 0.5121209949271758), (0.9748985076084576, 0.41733774500314313), (0.7975454289431414, 0.04550549724256048), (0.36201011066844346, 0.36593437881307667), (0.7506290726523795, 0.7946181059360208), (0.45177252626561193, 0.4003030509577781), (0.1499213538301768, 0.5467994275813031), (0.6591823286041951, 0.5542960464085381), (0.7153919622719891, 0.9541396537494754), (0.12738506477680722, 0.29610118836691024), (0.5084819487662261, 0.28509174864410847), (0.0416459534835959, 0.06512469856545144), (0.6301887151154599, 0.590692360741216), (0.49068608120513724, 0.6241754314189983), (0.6788017162916151, 0.2837774308668334), (0.7099002680279446, 0.9396933660872944), (0.010109042751706987, 0.9524260212323941), (0.9988986754380328, 0.49920276221106286), (0.5408991903098779, 0.3097800456711317), (0.7944416856748012, 0.3946297627369266), (0.97532922028163, 0.4042661297026062)], particle current cost = 13.88871941898401
Particle 3: [(0.9096826937091445, 0.922494338901061), (0.5084819487662261, 0.28509174864410847), (0.9988986754380328, 0.49920276221106286), (0.49068608120513724, 0.6241754314189983), (0.97532922028163, 0.4042661297026062), (0.7944416856748012, 0.3946297627369266), (0.12738506477680722, 0.29610118836691024), (0.9748985076084576, 0.41733774500314313), (0.36201011066844346, 0.36593437881307667), (0.010109042751706987, 0.9524260212323941), (0.359014626176408, 0.3271589272898495), (0.6591823286041951, 0.5542960464085381), (0.7975454289431414, 0.04550549724256048), (0.45177252626561193, 0.4003030509577781), (0.12696145214608345, 0.32232592111894975), (0.5408991903098779, 0.3097800456711317), (0.6788017162916151, 0.2837774308668334), (0.7506290726523795, 0.7946181059360208), (0.1499213538301768, 0.5467994275813031), (0.6301887151154599, 0.590692360741216), (0.7153919622719891, 0.9541396537494754), (0.0416459534835959, 0.06512469856545144), (0.7099002680279446, 0.9396933660872944), (0.9371485023295784, 0.5320496430857867), (0.09765273586806777, 0.5121209949271758)], particle current cost = 14.81170029255263
Particle 4: [(0.9096826937091445, 0.922494338901061), (0.7506290726523795, 0.7946181059360208), (0.010109042751706987, 0.9524260212323941), (0.6788017162916151, 0.2837774308668334), (0.45177252626561193, 0.4003030509577781), (0.359014626176408, 0.3271589272898495), (0.97532922028163, 0.4042661297026062), (0.9748985076084576, 0.41733774500314313), (0.49068608120513724, 0.6241754314189983), (0.6591823286041951, 0.5542960464085381), (0.5408991903098779, 0.3097800456711317), (0.36201011066844346, 0.36593437881307667), (0.7153919622719891, 0.9541396537494754), (0.6301887151154599, 0.590692360741216), (0.7944416856748012, 0.3946297627369266), (0.7099002680279446, 0.9396933660872944), (0.1499213538301768, 0.5467994275813031), (0.09765273586806777, 0.5121209949271758), (0.9371485023295784, 0.5320496430857867), (0.12696145214608345, 0.32232592111894975), (0.12738506477680722, 0.29610118836691024), (0.0416459534835959, 0.06512469856545144), (0.5084819487662261, 0.28509174864410847), (0.7975454289431414, 0.04550549724256048), (0.9988986754380328, 0.49920276221106286)], particle current cost = 10.4657961140323
Iteration = 1, previous best cost = 10.4657961140323
Particle 0: [(0.9096826937091445, 0.922494338901061), (0.5408991903098779, 0.3097800456711317), (0.7506290726523795, 0.7946181059360208), (0.6788017162916151, 0.2837774308668334), (0.09765273586806777, 0.5121209949271758), (0.359014626176408, 0.3271589272898495), (0.010109042751706987, 0.9524260212323941), (0.1499213538301768, 0.5467994275813031), (0.12738506477680722, 0.29610118836691024), (0.97532922028163, 0.4042661297026062), (0.49068608120513724, 0.6241754314189983), (0.12696145214608345, 0.32232592111894975), (0.7153919622719891, 0.9541396537494754), (0.9988986754380328, 0.49920276221106286), (0.7975454289431414, 0.04550549724256048), (0.9748985076084576, 0.41733774500314313), (0.0416459534835959, 0.06512469856545144), (0.6591823286041951, 0.5542960464085381), (0.9371485023295784, 0.5320496430857867), (0.7099002680279446, 0.9396933660872944), (0.7944416856748012, 0.3946297627369266), (0.45177252626561193, 0.4003030509577781), (0.5084819487662261, 0.28509174864410847), (0.6301887151154599, 0.590692360741216), (0.36201011066844346, 0.36593437881307667)], particle current cost = 13.281343486808666
Particle 1: [(0.9096826937091445, 0.922494338901061), (0.7153919622719891, 0.9541396537494754), (0.010109042751706987, 0.9524260212323941), (0.7944416856748012, 0.3946297627369266), (0.0416459534835959, 0.06512469856545144), (0.6788017162916151, 0.2837774308668334), (0.5408991903098779, 0.3097800456711317), (0.7975454289431414, 0.04550549724256048), (0.97532922028163, 0.4042661297026062), (0.9371485023295784, 0.5320496430857867), (0.6301887151154599, 0.590692360741216), (0.36201011066844346, 0.36593437881307667), (0.6591823286041951, 0.5542960464085381), (0.12696145214608345, 0.32232592111894975), (0.12738506477680722, 0.29610118836691024), (0.7099002680279446, 0.9396933660872944), (0.09765273586806777, 0.5121209949271758), (0.1499213538301768, 0.5467994275813031), (0.49068608120513724, 0.6241754314189983), (0.359014626176408, 0.3271589272898495), (0.9748985076084576, 0.41733774500314313), (0.45177252626561193, 0.4003030509577781), (0.7506290726523795, 0.7946181059360208), (0.5084819487662261, 0.28509174864410847), (0.9988986754380328, 0.49920276221106286)], particle current cost = 11.547881181143982
Particle 2: [(0.9096826937091445, 0.922494338901061), (0.359014626176408, 0.3271589272898495), (0.7099002680279446, 0.9396933660872944), (0.9371485023295784, 0.5320496430857867), (0.09765273586806777, 0.5121209949271758), (0.9748985076084576, 0.41733774500314313), (0.97532922028163, 0.4042661297026062), (0.6591823286041951, 0.5542960464085381), (0.7506290726523795, 0.7946181059360208), (0.45177252626561193, 0.4003030509577781), (0.1499213538301768, 0.5467994275813031), (0.36201011066844346, 0.36593437881307667), (0.7153919622719891, 0.9541396537494754), (0.12738506477680722, 0.29610118836691024), (0.5084819487662261, 0.28509174864410847), (0.0416459534835959, 0.06512469856545144), (0.6301887151154599, 0.590692360741216), (0.49068608120513724, 0.6241754314189983), (0.6788017162916151, 0.2837774308668334), (0.12696145214608345, 0.32232592111894975), (0.010109042751706987, 0.9524260212323941), (0.9988986754380328, 0.49920276221106286), (0.5408991903098779, 0.3097800456711317), (0.7944416856748012, 0.3946297627369266), (0.7975454289431414, 0.04550549724256048)], particle current cost = 13.500276756859346
Particle 3: [(0.9096826937091445, 0.922494338901061), (0.5084819487662261, 0.28509174864410847), (0.09765273586806777, 0.5121209949271758), (0.49068608120513724, 0.6241754314189983), (0.97532922028163, 0.4042661297026062), (0.7944416856748012, 0.3946297627369266), (0.12738506477680722, 0.29610118836691024), (0.9748985076084576, 0.41733774500314313), (0.36201011066844346, 0.36593437881307667), (0.010109042751706987, 0.9524260212323941), (0.359014626176408, 0.3271589272898495), (0.6591823286041951, 0.5542960464085381), (0.9371485023295784, 0.5320496430857867), (0.45177252626561193, 0.4003030509577781), (0.12696145214608345, 0.32232592111894975), (0.5408991903098779, 0.3097800456711317), (0.6788017162916151, 0.2837774308668334), (0.7506290726523795, 0.7946181059360208), (0.1499213538301768, 0.5467994275813031), (0.6301887151154599, 0.590692360741216), (0.7153919622719891, 0.9541396537494754), (0.0416459534835959, 0.06512469856545144), (0.7099002680279446, 0.9396933660872944), (0.7975454289431414, 0.04550549724256048), (0.9988986754380328, 0.49920276221106286)], particle current cost = 14.001576513116479
Particle 4: [(0.9096826937091445, 0.922494338901061), (0.7506290726523795, 0.7946181059360208), (0.010109042751706987, 0.9524260212323941), (0.6788017162916151, 0.2837774308668334), (0.45177252626561193, 0.4003030509577781), (0.359014626176408, 0.3271589272898495), (0.97532922028163, 0.4042661297026062), (0.9748985076084576, 0.41733774500314313), (0.49068608120513724, 0.6241754314189983), (0.6591823286041951, 0.5542960464085381), (0.5408991903098779, 0.3097800456711317), (0.36201011066844346, 0.36593437881307667), (0.7153919622719891, 0.9541396537494754), (0.6301887151154599, 0.590692360741216), (0.7944416856748012, 0.3946297627369266), (0.7099002680279446, 0.9396933660872944), (0.1499213538301768, 0.5467994275813031), (0.09765273586806777, 0.5121209949271758), (0.9371485023295784, 0.5320496430857867), (0.12696145214608345, 0.32232592111894975), (0.12738506477680722, 0.29610118836691024), (0.0416459534835959, 0.06512469856545144), (0.5084819487662261, 0.28509174864410847), (0.7975454289431414, 0.04550549724256048), (0.9988986754380328, 0.49920276221106286)], particle current cost = 10.4657961140323
Iteration = 2, previous best cost = 10.4657961140323
Particle 0: [(0.9096826937091445, 0.922494338901061), (0.7506290726523795, 0.7946181059360208), (0.5408991903098779, 0.3097800456711317), (0.6788017162916151, 0.2837774308668334), (0.45177252626561193, 0.4003030509577781), (0.359014626176408, 0.3271589272898495), (0.010109042751706987, 0.9524260212323941), (0.1499213538301768, 0.5467994275813031), (0.12738506477680722, 0.29610118836691024), (0.97532922028163, 0.4042661297026062), (0.49068608120513724, 0.6241754314189983), (0.12696145214608345, 0.32232592111894975), (0.7153919622719891, 0.9541396537494754), (0.6301887151154599, 0.590692360741216), (0.7975454289431414, 0.04550549724256048), (0.9748985076084576, 0.41733774500314313), (0.0416459534835959, 0.06512469856545144), (0.09765273586806777, 0.5121209949271758), (0.9371485023295784, 0.5320496430857867), (0.7099002680279446, 0.9396933660872944), (0.7944416856748012, 0.3946297627369266), (0.6591823286041951, 0.5542960464085381), (0.5084819487662261, 0.28509174864410847), (0.9988986754380328, 0.49920276221106286), (0.36201011066844346, 0.36593437881307667)], particle current cost = 12.511819120594085
Last Iteration Particle 0: [(0.9096826937091445, 0.922494338901061), (0.7506290726523795, 0.7946181059360208), (0.010109042751706987, 0.9524260212323941), (0.6788017162916151, 0.2837774308668334), (0.45177252626561193, 0.4003030509577781), (0.359014626176408, 0.3271589272898495), (0.5408991903098779, 0.3097800456711317), (0.1499213538301768, 0.5467994275813031), (0.12738506477680722, 0.29610118836691024), (0.97532922028163, 0.4042661297026062), (0.49068608120513724, 0.6241754314189983), (0.12696145214608345, 0.32232592111894975), (0.7153919622719891, 0.9541396537494754), (0.6301887151154599, 0.590692360741216), (0.9988986754380328, 0.49920276221106286), (0.7099002680279446, 0.9396933660872944), (0.0416459534835959, 0.06512469856545144), (0.09765273586806777, 0.5121209949271758), (0.9371485023295784, 0.5320496430857867), (0.9748985076084576, 0.41733774500314313), (0.7944416856748012, 0.3946297627369266), (0.6591823286041951, 0.5542960464085381), (0.5084819487662261, 0.28509174864410847), (0.36201011066844346, 0.36593437881307667), (0.7975454289431414, 0.04550549724256048)]
Particle 1: [(0.9096826937091445, 0.922494338901061), (0.7506290726523795, 0.7946181059360208), (0.010109042751706987, 0.9524260212323941), (0.7944416856748012, 0.3946297627369266), (0.0416459534835959, 0.06512469856545144), (0.6788017162916151, 0.2837774308668334), (0.5408991903098779, 0.3097800456711317), (0.7975454289431414, 0.04550549724256048), (0.49068608120513724, 0.6241754314189983), (0.9371485023295784, 0.5320496430857867), (0.6301887151154599, 0.590692360741216), (0.36201011066844346, 0.36593437881307667), (0.7153919622719891, 0.9541396537494754), (0.12696145214608345, 0.32232592111894975), (0.12738506477680722, 0.29610118836691024), (0.7099002680279446, 0.9396933660872944), (0.09765273586806777, 0.5121209949271758), (0.1499213538301768, 0.5467994275813031), (0.97532922028163, 0.4042661297026062), (0.359014626176408, 0.3271589272898495), (0.9748985076084576, 0.41733774500314313), (0.45177252626561193, 0.4003030509577781), (0.6591823286041951, 0.5542960464085381), (0.5084819487662261, 0.28509174864410847), (0.9988986754380328, 0.49920276221106286)], particle current cost = 13.093590281348058
Last Iteration Particle 1: [(0.9096826937091445, 0.922494338901061), (0.7506290726523795, 0.7946181059360208), (0.010109042751706987, 0.9524260212323941), (0.7944416856748012, 0.3946297627369266), (0.45177252626561193, 0.4003030509577781), (0.6788017162916151, 0.2837774308668334), (0.5408991903098779, 0.3097800456711317), (0.7975454289431414, 0.04550549724256048), (0.49068608120513724, 0.6241754314189983), (0.6591823286041951, 0.5542960464085381), (0.6301887151154599, 0.590692360741216), (0.36201011066844346, 0.36593437881307667), (0.7153919622719891, 0.9541396537494754), (0.12696145214608345, 0.32232592111894975), (0.9748985076084576, 0.41733774500314313), (0.7099002680279446, 0.9396933660872944), (0.09765273586806777, 0.5121209949271758), (0.1499213538301768, 0.5467994275813031), (0.9371485023295784, 0.5320496430857867), (0.359014626176408, 0.3271589272898495), (0.12738506477680722, 0.29610118836691024), (0.0416459534835959, 0.06512469856545144), (0.5084819487662261, 0.28509174864410847), (0.97532922028163, 0.4042661297026062), (0.9988986754380328, 0.49920276221106286)]
Particle 2: [(0.9096826937091445, 0.922494338901061), (0.359014626176408, 0.3271589272898495), (0.7099002680279446, 0.9396933660872944), (0.9371485023295784, 0.5320496430857867), (0.09765273586806777, 0.5121209949271758), (0.9748985076084576, 0.41733774500314313), (0.97532922028163, 0.4042661297026062), (0.45177252626561193, 0.4003030509577781), (0.7506290726523795, 0.7946181059360208), (0.6591823286041951, 0.5542960464085381), (0.1499213538301768, 0.5467994275813031), (0.36201011066844346, 0.36593437881307667), (0.7153919622719891, 0.9541396537494754), (0.6301887151154599, 0.590692360741216), (0.7944416856748012, 0.3946297627369266), (0.0416459534835959, 0.06512469856545144), (0.12738506477680722, 0.29610118836691024), (0.49068608120513724, 0.6241754314189983), (0.6788017162916151, 0.2837774308668334), (0.12696145214608345, 0.32232592111894975), (0.010109042751706987, 0.9524260212323941), (0.9988986754380328, 0.49920276221106286), (0.5408991903098779, 0.3097800456711317), (0.5084819487662261, 0.28509174864410847), (0.7975454289431414, 0.04550549724256048)], particle current cost = 13.121791331427685
Last Iteration Particle 2: [(0.9096826937091445, 0.922494338901061), (0.7506290726523795, 0.7946181059360208), (0.7099002680279446, 0.9396933660872944), (0.9371485023295784, 0.5320496430857867), (0.49068608120513724, 0.6241754314189983), (0.45177252626561193, 0.4003030509577781), (0.97532922028163, 0.4042661297026062), (0.9748985076084576, 0.41733774500314313), (0.359014626176408, 0.3271589272898495), (0.6591823286041951, 0.5542960464085381), (0.5408991903098779, 0.3097800456711317), (0.36201011066844346, 0.36593437881307667), (0.7153919622719891, 0.9541396537494754), (0.6301887151154599, 0.590692360741216), (0.7944416856748012, 0.3946297627369266), (0.0416459534835959, 0.06512469856545144), (0.12738506477680722, 0.29610118836691024), (0.09765273586806777, 0.5121209949271758), (0.6788017162916151, 0.2837774308668334), (0.12696145214608345, 0.32232592111894975), (0.010109042751706987, 0.9524260212323941), (0.9988986754380328, 0.49920276221106286), (0.1499213538301768, 0.5467994275813031), (0.5084819487662261, 0.28509174864410847), (0.7975454289431414, 0.04550549724256048)]
Particle 3: [(0.9096826937091445, 0.922494338901061), (0.7506290726523795, 0.7946181059360208), (0.09765273586806777, 0.5121209949271758), (0.49068608120513724, 0.6241754314189983), (0.97532922028163, 0.4042661297026062), (0.359014626176408, 0.3271589272898495), (0.12738506477680722, 0.29610118836691024), (0.9748985076084576, 0.41733774500314313), (0.36201011066844346, 0.36593437881307667), (0.010109042751706987, 0.9524260212323941), (0.12696145214608345, 0.32232592111894975), (0.6591823286041951, 0.5542960464085381), (0.9371485023295784, 0.5320496430857867), (0.45177252626561193, 0.4003030509577781), (0.7944416856748012, 0.3946297627369266), (0.5408991903098779, 0.3097800456711317), (0.6788017162916151, 0.2837774308668334), (0.5084819487662261, 0.28509174864410847), (0.1499213538301768, 0.5467994275813031), (0.6301887151154599, 0.590692360741216), (0.7153919622719891, 0.9541396537494754), (0.0416459534835959, 0.06512469856545144), (0.7099002680279446, 0.9396933660872944), (0.7975454289431414, 0.04550549724256048), (0.9988986754380328, 0.49920276221106286)], particle current cost = 13.133405148945378
Last Iteration Particle 3: [(0.9096826937091445, 0.922494338901061), (0.7506290726523795, 0.7946181059360208), (0.5084819487662261, 0.28509174864410847), (0.49068608120513724, 0.6241754314189983), (0.97532922028163, 0.4042661297026062), (0.359014626176408, 0.3271589272898495), (0.12738506477680722, 0.29610118836691024), (0.9748985076084576, 0.41733774500314313), (0.36201011066844346, 0.36593437881307667), (0.010109042751706987, 0.9524260212323941), (0.6301887151154599, 0.590692360741216), (0.6591823286041951, 0.5542960464085381), (0.9371485023295784, 0.5320496430857867), (0.45177252626561193, 0.4003030509577781), (0.7944416856748012, 0.3946297627369266), (0.5408991903098779, 0.3097800456711317), (0.6788017162916151, 0.2837774308668334), (0.09765273586806777, 0.5121209949271758), (0.1499213538301768, 0.5467994275813031), (0.12696145214608345, 0.32232592111894975), (0.7153919622719891, 0.9541396537494754), (0.0416459534835959, 0.06512469856545144), (0.7099002680279446, 0.9396933660872944), (0.7975454289431414, 0.04550549724256048), (0.9988986754380328, 0.49920276221106286)]
Particle 4: [(0.9096826937091445, 0.922494338901061), (0.7506290726523795, 0.7946181059360208), (0.010109042751706987, 0.9524260212323941), (0.6788017162916151, 0.2837774308668334), (0.45177252626561193, 0.4003030509577781), (0.359014626176408, 0.3271589272898495), (0.97532922028163, 0.4042661297026062), (0.9748985076084576, 0.41733774500314313), (0.49068608120513724, 0.6241754314189983), (0.6591823286041951, 0.5542960464085381), (0.5408991903098779, 0.3097800456711317), (0.36201011066844346, 0.36593437881307667), (0.7153919622719891, 0.9541396537494754), (0.6301887151154599, 0.590692360741216), (0.7944416856748012, 0.3946297627369266), (0.7099002680279446, 0.9396933660872944), (0.1499213538301768, 0.5467994275813031), (0.09765273586806777, 0.5121209949271758), (0.9371485023295784, 0.5320496430857867), (0.12696145214608345, 0.32232592111894975), (0.12738506477680722, 0.29610118836691024), (0.0416459534835959, 0.06512469856545144), (0.5084819487662261, 0.28509174864410847), (0.7975454289431414, 0.04550549724256048), (0.9988986754380328, 0.49920276221106286)], particle current cost = 10.4657961140323
Last Iteration Particle 4: [(0.9096826937091445, 0.922494338901061), (0.7506290726523795, 0.7946181059360208), (0.010109042751706987, 0.9524260212323941), (0.6788017162916151, 0.2837774308668334), (0.45177252626561193, 0.4003030509577781), (0.359014626176408, 0.3271589272898495), (0.97532922028163, 0.4042661297026062), (0.9748985076084576, 0.41733774500314313), (0.49068608120513724, 0.6241754314189983), (0.6591823286041951, 0.5542960464085381), (0.5408991903098779, 0.3097800456711317), (0.36201011066844346, 0.36593437881307667), (0.7153919622719891, 0.9541396537494754), (0.6301887151154599, 0.590692360741216), (0.7944416856748012, 0.3946297627369266), (0.7099002680279446, 0.9396933660872944), (0.1499213538301768, 0.5467994275813031), (0.09765273586806777, 0.5121209949271758), (0.9371485023295784, 0.5320496430857867), (0.12696145214608345, 0.32232592111894975), (0.12738506477680722, 0.29610118836691024), (0.0416459534835959, 0.06512469856545144), (0.5084819487662261, 0.28509174864410847), (0.7975454289431414, 0.04550549724256048), (0.9988986754380328, 0.49920276221106286)]
